timestamp,PM10,PM2.5,humidity,max_micro,min_micro,node,samples,temperature,longitude,latitude,datetime
1561032963424583486,1.87,1.77,59.1,4467,232,esp8266-4405274,84484,24.2,11.943173424583437,57.70818628770828,2019-06-20_141603
1561033005188470137,2.28,2.08,59.2,10176,232,esp8266-4405274,84474,24.3,11.943145188470124,57.70823190576494,2019-06-20_141645
1561033047360237725,1.98,1.87,59.2,9584,232,esp8266-4405274,84466,24.3,11.943094701783776,57.70833957774055,2019-06-20_141727
1561033089918128542,2.22,2.12,59.4,9407,232,esp8266-4405274,84462,24.3,11.942945,57.708192,2019-06-20_141809
1561033131703359463,2.12,2.03,59.7,9742,232,esp8266-4405274,84483,24.3,11.942962,57.70798481343841,2019-06-20_141851
1561034075822713125,2.2,2.1,56,31943,213,esp8266-4405274,90498,25.1,11.94316721608579,57.70811749306165,2019-06-20_143435
1561034117400647224,2,1.92,55.3,9613,220,esp8266-4405274,88967,25.9,11.943403498382091,57.70816309773493,2019-06-20_143517
1561034159366266218,2.12,2.03,55.3,8984,221,esp8266-4405274,88967,25.9,11.94330483133006,57.708237,2019-06-20_143559
1561034202048495421,2.08,1.98,55,9082,221,esp8266-4405274,88941,25.9,11.943138048495292,57.70827037876176,2019-06-20_143642
1561034243660143374,2.12,2.03,54.8,9067,221,esp8266-4405274,88910,25.9,11.943136679713248,57.70829700000001,2019-06-20_143723
1561034286335882941,2.22,2.03,54.8,9066,221,esp8266-4405274,88943,25.8,11.943272160292745,57.70828533588289,2019-06-20_143806
1561034328105292612,2.1,2,54.9,9981,221,esp8266-4405274,88882,25.7,11.943302421170234,57.70827310529256,2019-06-20_143848
1561034369379971190,2.05,1.92,54.9,8832,221,esp8266-4405274,88851,25.7,11.943232379971029,57.708215,2019-06-20_143929
1561034410676620289,2.35,2.25,58,9066,221,esp8266-4405274,88825,25.7,11.943225808449387,57.708211383101215,2019-06-20_144010
1561034451850682878,1.98,1.9,59.3,8221,221,esp8266-4405274,88915,25.7,11.943174149317027,57.708172149317036,2019-06-20_144051
1561034494072076820,2.45,2.35,56.2,8844,221,esp8266-4405274,88880,25.6,11.943212072076799,57.7081230360384,2019-06-20_144134
1561034535243150502,2.35,2.25,55.3,9114,221,esp8266-4405274,88910,25.6,11.943237999999997,57.70807124315072,2019-06-20_144215
1561034576645511215,2.12,2,55.5,8152,221,esp8266-4405274,88764,25.5,11.943118613777877,57.70803361377787,2019-06-20_144256
1561034617864794846,1.9,1.8,55.4,9000,221,esp8266-4405274,87917,25.5,11.94306545917988,57.70795245917988,2019-06-20_144337
1561034660110981861,2.17,2.08,55.4,8376,225,esp8266-4405274,87184,23.7,11.942971889018057,57.70786355549098,2019-06-20_144420
1561034701259428876,2.1,2,55.5,9226,225,esp8266-4405274,87212,25.5,11.943014351427555,57.70790748114205,2019-06-20_144501
1561034743482385839,2.4,2.3,55.9,8299,225,esp8266-4405274,87149,26.1,11.943026999999999,57.707965964771745,2019-06-20_144543
1561034787254668687,2.28,2.17,55.5,9569,225,esp8266-4405274,87187,25.4,11.943031372665645,57.70795488200307,2019-06-20_144627
1561034829004031744,2.22,2.12,58.2,10910,225,esp8266-4405274,87147,25.5,11.943032995968343,57.70786798992085,2019-06-20_144709
1561034871248932561,2.2,2.1,55.3,9431,225,esp8266-4405274,87174,25.4,11.943083,57.7079116266011,2019-06-20_144751
1561034913783788118,2.4,2.2,55.3,9170,225,esp8266-4405274,87168,25.4,11.943086567575932,57.70794621621203,2019-06-20_144833
1561035060789369852,16.7,5.53,52,32832,217,esp8266-4405274,90452,21.2,,,2019-06-20_145100
1561617075927952703,11.5,4.03,57.9,8605,220,esp8266-4405274,89023,21.2,11.94573463976264,57.706157999999995,2019-06-27_083115
1561617117201561906,11.57,4.28,59.6,8194,221,esp8266-4405274,88994,21.3,11.945691992190362,57.70613540312385,2019-06-27_083157
1561617159326392932,16.85,3.83,60.4,9087,221,esp8266-4405274,88953,21.6,11.945881020821332,57.706151999999996,2019-06-27_083239
1561617202057738593,7.22,3.53,60.3,9318,221,esp8266-4405274,88947,21.9,11.945918,57.706142115477085,2019-06-27_083322
1561617243993968056,10.35,3.67,60,9956,221,esp8266-4405274,88902,22.3,11.945946012063978,57.70609398793601,2019-06-27_083403
1561617285192683196,10.35,3.9,58.6,10068,221,esp8266-4405274,88902,22.6,11.945975,57.70614461463356,2019-06-27_083445
1561617326486675524,9.93,3.58,57.5,8366,221,esp8266-4405274,88890,23,11.946018486675502,57.70614797335101,2019-06-27_083526
1561617367638898634,7.7,4.15,57,8151,221,esp8266-4405274,88885,23.3,11.945981722202777,57.706138277797216,2019-06-27_083607
1561617408782892160,8.82,3.8,56.8,9329,221,esp8266-4405274,88931,23.7,11.946015000000001,57.70611143421602,2019-06-27_083648
1561617450009181258,10.8,4.12,56.6,18818,221,esp8266-4405274,88903,24,11.946103009181261,57.7061030459063,2019-06-27_083730
1561617491243393014,9.18,3.67,56.4,8191,221,esp8266-4405274,88883,24.3,11.945236031967163,57.7071970473175,2019-06-27_083811
1561617534925377372,12.63,4.75,55.7,8067,221,esp8266-4405274,88881,24.7,11.943302373396872,57.709534148961545,2019-06-27_083854
1561617578334466574,11.6,4.65,53.8,11220,225,esp8266-4405274,87036,25.1,11.943960010198115,57.71099000000001,2019-06-27_083938
1561617620049051194,7.85,3.55,52.1,10801,225,esp8266-4405274,87106,25.4,11.943533026865243,57.71197030219245,2019-06-27_084020
1561617668194756436,18.77,5.6,51.3,9041,225,esp8266-4405274,87175,25.5,11.949363580577613,57.7159959663229,2019-06-27_084108
1561617710492487461,14.63,5.35,51.1,4147,225,esp8266-4405274,87243,25.5,11.956519649423123,57.72118396160889,2019-06-27_084150
1561617751865210310,20.42,6.68,51.6,9239,225,esp8266-4405274,87194,25.3,11.964651079949858,57.725291278644086,2019-06-27_084231
1561617793988243471,16.15,5.78,52.3,9238,225,esp8266-4405274,87159,25.1,11.974997162541152,57.72621851797699,2019-06-27_084313
1561617835362882934,32.38,14.63,52.5,8994,225,esp8266-4405274,87153,24.8,11.984646010814904,57.723454756393906,2019-06-27_084355
1561617876611471252,13.8,6.72,52.7,8140,225,esp8266-4405274,87161,24.6,,,2019-06-27_084436
1561617917858560924,14.07,6.03,53.3,10005,225,esp8266-4405274,87206,24.4,11.993836818851944,57.71512790574025,2019-06-27_084517
1561617959128111793,13.8,5.57,53.8,9209,225,esp8266-4405274,87205,24.3,11.996652302374839,57.70978608866405,2019-06-27_084559
1561618000527991309,12.68,4.65,53.9,8181,225,esp8266-4405274,87184,24.1,11.993743687164306,57.70690221624375,2019-06-27_084640
1561618044273257646,11.48,4.87,54.2,8955,225,esp8266-4405274,87171,24,11.986651098865986,57.70725336628866,2019-06-27_084724
1561618085947226380,12.05,4.6,54.8,10920,225,esp8266-4405274,87108,24,11.986728105547428,57.707278105547424,2019-06-27_084805
1561618130693551832,10.15,4.1,54.4,9599,225,esp8266-4405274,87129,24,11.986767,57.707308000000005,2019-06-27_084850
1561618172368384577,11.95,4.2,54.4,10791,225,esp8266-4405274,87102,24,11.986771420615195,57.707308,2019-06-27_084932
1561618214564167061,11.35,4.37,55,9242,225,esp8266-4405274,87085,24.1,11.985870000000002,57.70722643583274,2019-06-27_085014
1561618260658679074,13.4,4.6,54.7,9225,225,esp8266-4405274,87108,24.1,11.984786730567931,57.70617793978976,2019-06-27_085100
1561618302056561506,9.25,4.57,54.7,5160,225,esp8266-4405274,87131,24.1,11.98473305656147,57.70471305656147,2019-06-27_085142
1561618343764352740,13.62,4.85,54.4,9475,225,esp8266-4405274,87095,24.3,11.985277126827238,57.70236878574943,2019-06-27_085223
1561618385541904235,8.4,4.35,54.1,8247,225,esp8266-4405274,87048,24.4,11.98585837428737,57.700343916191585,2019-06-27_085305
1561618426722494688,8.48,3.72,53.5,9039,225,esp8266-4405274,87112,24.7,11.985854387526992,57.70028667483807,2019-06-27_085346
1561618467946065766,8.45,3.97,52.8,8134,225,esp8266-4405274,87159,25,11.986722186555385,57.69755892574286,2019-06-27_085427
1561618509322219344,9.85,4.12,52.5,9140,225,esp8266-4405274,87092,25.4,11.987139033341887,57.695658855432995,2019-06-27_085509
1561618550521069068,12.18,4.4,51,8273,225,esp8266-4405274,87043,25.9,11.98725456730461,57.69204731759548,2019-06-27_085550
1561618591674378167,13.88,4.8,49.9,9130,225,esp8266-4405274,87082,26.2,11.986908975126267,57.68775571716858,2019-06-27_085631
1561618632856224401,8.45,4.32,48.8,9368,225,esp8266-4405274,87061,26.4,11.983994216840268,57.689262783159734,2019-06-27_085712
1561618674209061104,9.9,4.5,48.7,8605,225,esp8266-4405274,87005,26.3,11.985648627183437,57.690552264737605,2019-06-27_085754
1561618715484146609,12.07,4.6,48.3,9244,225,esp8266-4405274,87173,26.2,11.986782149989605,57.69095201708889,2019-06-27_085835
1561618757861786489,10.13,4.3,49.8,8352,225,esp8266-4405274,87159,25.5,11.987455853590964,57.68875843075466,2019-06-27_085917
1561618800170471004,10.02,4.55,50.5,9434,225,esp8266-4405274,87111,25.2,11.984033,57.68597119329667,2019-06-27_090000
1561618842454144998,15.05,4.05,51.3,10438,225,esp8266-4405274,87085,24.8,11.9819770608716,57.6883129435339,2019-06-27_090042
1561618883752384878,13.35,4.72,51.3,9219,225,esp8266-4405274,87131,24.8,11.979066028615948,57.689956390695095,2019-06-27_090123
1561618926047486008,14.13,4.87,51.9,8340,225,esp8266-4405274,87131,24.5,11.980708480445863,57.68782004190088,2019-06-27_090206
1561618968780767190,10.1,4.37,52.7,9889,225,esp8266-4405274,87120,24.3,11.98103987693119,57.687259999999995,2019-06-27_090248
1561619011464876705,8.7,3.97,53.1,9187,225,esp8266-4405274,87113,23.9,11.979324421477319,57.68660554138231,2019-06-27_090331
1561619055740433563,10.18,3.58,53.8,9859,225,esp8266-4405274,87121,23.7,11.977572366071701,57.68558022959137,2019-06-27_090415
1561619098396201098,10.9,4.1,54.4,11721,225,esp8266-4405274,87106,23.6,11.97498352648163,57.68811518994332,2019-06-27_090458
1561619140264393895,11.82,4.57,54.8,10024,225,esp8266-4405274,87107,23.4,11.97309380378461,57.689855505301246,2019-06-27_090540
1561619183988870962,12.52,4.75,55.9,9164,226,esp8266-4405274,86981,23.1,11.973902200324535,57.69110430210949,2019-06-27_090623
1561619226861957195,14.18,4.82,56.4,10912,226,esp8266-4405274,87043,22.9,11.97509580429268,57.69422403694439,2019-06-27_090706
1561619269530852856,13.25,4.78,56.3,9338,226,esp8266-4405274,87085,22.9,11.975632359370232,57.69429938294411,2019-06-27_090749
1561619312660014194,12.48,5.28,56.9,9863,226,esp8266-4405274,87074,22.7,11.979762640764235,57.694402601556774,2019-06-27_090832
1561619354833086001,11.65,4.35,57.3,9998,226,esp8266-4405274,87078,22.5,11.981101344215391,57.69141865875244,2019-06-27_090914
1561619396622834631,10.73,4.18,57.6,9424,226,esp8266-4405274,87017,22.4,11.984283796060085,57.6887630897665,2019-06-27_090956
1561619438427097010,8.88,4.2,58.2,9158,226,esp8266-4405274,87075,22.3,11.984668512300253,57.68608294839788,2019-06-27_091038
1561619480310910328,11.35,4.22,58.5,8747,226,esp8266-4405274,87026,22.1,11.984548445448876,57.68275467101002,2019-06-27_091120
1561619522612713593,10.57,4.4,59.7,9083,226,esp8266-4405274,87091,22,11.983742236634015,57.67892160095524,2019-06-27_091202
1561619563815100713,13.35,4.7,59,9842,226,esp8266-4405274,87135,22,11.980644830536844,57.6777585469799,2019-06-27_091243
1561619605057443978,10.13,3.95,59.4,8281,226,esp8266-4405274,87045,22,11.978351216869354,57.678569723322866,2019-06-27_091325
1561619646916391827,9.93,3.95,60,9192,226,esp8266-4405274,87032,21.9,11.978117598448277,57.678221254122256,2019-06-27_091406
1561619690131119519,9.93,4.55,59.4,9150,226,esp8266-4405274,86996,21.9,11.980606426563263,57.67811667135239,2019-06-27_091450
1561619731873631690,9.13,3.95,59.6,9993,226,esp8266-4405274,87097,21.9,11.983203697519066,57.67841883483362,2019-06-27_091531
1561619773148735216,10.6,4.05,59.8,9657,226,esp8266-4405274,87107,21.8,11.984683743676424,57.682373332206495,2019-06-27_091613
1561619814389007648,10.55,4.43,60.3,9334,226,esp8266-4405274,87087,21.7,11.984760881530764,57.684959450378415,2019-06-27_091654
1561619856618430549,14.35,4.7,60.8,9591,226,esp8266-4405274,86914,21.5,11.987620065519096,57.68265952698707,2019-06-27_091736
1561619898853162460,10.07,4.1,62.1,9228,226,esp8266-4405274,87053,21.5,11.989942754523753,57.67972335692548,2019-06-27_091818
1561619941064267079,8.68,4.32,61.3,10471,226,esp8266-4405274,87079,21.7,11.993831665845631,57.679099570676804,2019-06-27_091901
1561619982383538626,8.85,4.25,61.3,9220,226,esp8266-4405274,87067,21.7,11.99371805263996,57.67712831355571,2019-06-27_091942
1561620023643039027,5.95,2.9,60.6,8697,226,esp8266-4405274,87080,22,11.99328147581458,57.675844075974716,2019-06-27_092023
1561620066322219167,7.8,3.12,59.9,8663,226,esp8266-4405274,87095,22.3,11.998325533726693,57.67468630007696,2019-06-27_092106
1561620107910794568,10.95,3.97,59,11832,226,esp8266-4405274,87066,22.7,12.003033667181496,57.67591698126054,2019-06-27_092147
1561620149156750750,13.93,4.45,57.9,9961,226,esp8266-4405274,87099,23.1,12.006227313501835,57.67621799999999,2019-06-27_092229
1561620191476628338,10.85,4.62,56,8709,226,esp8266-4405274,87163,23.7,12.006213233716963,57.676159383141524,2019-06-27_092311
1561620232646537437,11.18,4.68,55.9,9179,226,esp8266-4405274,87103,23.7,12.003084758450507,57.68001712963652,2019-06-27_092352
1561620273944510285,8.73,4.22,55.8,19644,226,esp8266-4405274,87103,23.9,12.000369167653325,57.68376410979557,2019-06-27_092433
1561620315782035947,8.68,3.87,55.3,8179,226,esp8266-4405274,87083,23.9,11.998213652704957,57.68272681917382,2019-06-27_092515
1561620357392681295,9.52,4.18,54.6,9583,226,esp8266-4405274,87016,23.9,11.99537567065048,57.679678387752546,2019-06-27_092557
1561620398645142842,7.93,3.65,54.5,9328,226,esp8266-4405274,87070,23.9,11.993175481133463,57.679280484573844,2019-06-27_092638
1561620439834374701,8.27,4.2,55.3,9818,226,esp8266-4405274,87106,23.8,11.988376781213283,57.680708587525366,2019-06-27_092719
1561620481034051196,8.25,3.47,55.2,8266,226,esp8266-4405274,87064,23.8,11.986189281429052,57.683719854775674,2019-06-27_092801
1561620522204673784,6.15,3.2,54.8,8302,226,esp8266-4405274,87090,23.8,11.983184461730957,57.686619719573976,2019-06-27_092842
1561620563888520227,10.07,4.05,54.5,8358,226,esp8266-4405274,87065,23.8,11.980629970139502,57.68936058725929,2019-06-27_092923
1561620606032592502,8.85,3.92,54.5,9086,226,esp8266-4405274,87076,23.7,11.977356955537797,57.692416370385175,2019-06-27_093006
1561620649536505819,9.68,4.3,55.2,9071,226,esp8266-4405274,87051,23.4,11.975865047589064,57.69381621903562,2019-06-27_093049
1561620692246022782,9.17,4.17,54.9,10669,226,esp8266-4405274,87071,23.2,11.976821580115796,57.69462089716005,2019-06-27_093132
1561620735001075214,9.5,4.25,55.4,9881,226,esp8266-4405274,87068,23.2,11.979567004301071,57.693495064516064,2019-06-27_093215
1561620776538942125,10.4,4.62,56,9993,226,esp8266-4405274,87059,23.1,11.982452579342603,57.6902557259469,2019-06-27_093256
1561620817938050807,8.4,4.07,56.7,9160,226,esp8266-4405274,87051,23,11.985335885179042,57.68777566355229,2019-06-27_093337
1561620859118561208,10.35,4.62,57.2,8793,226,esp8266-4405274,87140,22.9,11.987593582149984,57.687995380995744,2019-06-27_093419
1561620901355678952,9.57,4.75,58,8287,226,esp8266-4405274,87137,22.9,11.987601850988865,57.69212070024491,2019-06-27_093501
1561620943510740707,11.02,4.75,57.2,9229,226,esp8266-4405274,87136,23.1,11.987558,57.69548408592606,2019-06-27_093543
1561620984655883243,11.35,4.6,57.1,10482,226,esp8266-4405274,87101,23,11.987704205834389,57.69550134411668,2019-06-27_093624
1561621025889604946,5.68,3.83,56.8,8177,226,esp8266-4405274,87076,23,11.991386013746263,57.69206785652875,2019-06-27_093705
1561621067150147014,77.03,11.68,57.1,8321,226,esp8266-4405274,87060,23,11.99491198530388,57.6889439636674,2019-06-27_093747
1561621108435791061,29.48,7.45,56.7,9324,226,esp8266-4405274,87055,23,11.99669912841797,57.68722199999999,2019-06-27_093828
1561621149620203441,10.7,4.2,56.2,9320,226,esp8266-4405274,87097,23.1,11.997128638226032,57.68695655363416,2019-06-27_093909
1561621190863811290,8.9,3.85,56.7,9359,226,esp8266-4405274,87072,23.1,11.999984999999999,57.684043,2019-06-27_093950
1561621232165573357,6.97,3.58,56.5,8678,226,esp8266-4405274,87029,23.1,12.00242985252905,57.683952363945956,2019-06-27_094032
1561621273638446467,10.6,3.9,56.5,8302,226,esp8266-4405274,87095,23.2,12.0050293475759,57.68473073009562,2019-06-27_094113
1561621315587969107,10.15,4.05,56.2,9320,223,esp8266-4405274,87423,23.4,12.00878066622734,57.682849393927334,2019-06-27_094155
1561621359332233465,9.85,3.8,56.2,8937,225,esp8266-4405274,87343,23.6,12.01473827943802,57.67992493400574,2019-06-27_094239
1561621401208311835,8.45,3.9,55.4,10357,225,esp8266-4405274,87254,23.7,12.014835291429758,57.678611125193825,2019-06-27_094321
1561621445252126662,9,3.7,55.5,9667,225,esp8266-4405274,87234,23.9,12.01568577339363,57.679785756380085,2019-06-27_094405
1561621488081966281,8.9,4.05,55.9,10763,225,esp8266-4405274,87238,24,12.017329622924805,57.68147709841919,2019-06-27_094448
1561621532846979597,9.65,3.83,54.9,9982,225,esp8266-4405274,87224,24.1,12.014634042940141,57.68360453020382,2019-06-27_094532
1561621574219466456,9.32,3.85,55.1,11673,225,esp8266-4405274,87214,24.1,12.014617881617069,57.683504633597366,2019-06-27_094614
1561621616422412169,9.38,3.65,54.4,8281,225,esp8266-4405274,87218,24,12.017049681091788,57.681756568867684,2019-06-27_094656
1561621661022810954,10.75,3.92,55,10878,225,esp8266-4405274,87224,24,12.014418535695077,57.680136540100094,2019-06-27_094741
1561621702947798282,11.75,4.2,55,11617,225,esp8266-4405274,87154,24,12.01041457918501,57.68115845348215,2019-06-27_094822
1561621745126033630,14.7,4.62,55.1,9855,225,esp8266-4405274,87176,24,12.00629694839859,57.68401547932434,2019-06-27_094905
1561621787330553198,8.52,3.62,54.2,11870,225,esp8266-4405274,87192,24,12.004453041704176,57.68536163916397,2019-06-27_094947
1561621828605760369,10.2,4.3,54.2,9343,225,esp8266-4405274,87243,24,12.003979999999999,57.688332,2019-06-27_095028
1561621869906558895,8.43,3.37,54.8,9435,225,esp8266-4405274,87203,23.9,12.005234803230286,57.68953255883408,2019-06-27_095109
1561621912250378463,12.65,4.47,55,8676,225,esp8266-4405274,87185,23.8,12.003214267037391,57.693713717818255,2019-06-27_095152
1561621953508525999,10.63,3.83,55,12005,225,esp8266-4405274,87146,23.7,11.999793682086946,57.6969854202261,2019-06-27_095233
1561621996095192128,10.13,3.92,55.3,9179,225,esp8266-4405274,87165,23.7,11.998880379798889,57.69868881252289,2019-06-27_095316
1561622038466704560,7.57,3.5,54.8,10913,225,esp8266-4405274,87139,23.7,12.002715996585367,57.70152799715448,2019-06-27_095358
1561622080142603190,10.8,3.7,55.4,9984,225,esp8266-4405274,87155,23.6,12.006077442032575,57.704363729016784,2019-06-27_095440
1561622121407701404,8.5,3.97,55.2,8781,225,esp8266-4405274,87192,23.6,12.008183368000031,57.708225038507464,2019-06-27_095521
1561622162563097325,5.95,3.62,54.9,9053,225,esp8266-4405274,87202,23.6,12.013141370012043,57.70835905831933,2019-06-27_095602
1561622203858795903,6,3.2,54.5,8695,225,esp8266-4405274,87201,23.5,12.017612590308905,57.709647553245304,2019-06-27_095643
1561622246253814377,7.53,3.5,55,8263,225,esp8266-4405274,87172,23.3,12.02318172537613,57.71082793897247,2019-06-27_095726
1561622287478008111,9.1,3.47,54.9,9978,225,esp8266-4405274,87136,23.2,12.023343478008034,57.71090704398394,2019-06-27_095807
1561622331476424292,5.72,3.3,54.8,8295,225,esp8266-4405274,87153,23.2,12.024197878179553,57.7134984243641,2019-06-27_095851
1561622372876262245,5.32,3,55.3,10727,225,esp8266-4405274,87130,23.1,12.023832000000002,57.71344199999999,2019-06-27_095932
1561622414069140823,5.47,2.9,55.7,8618,225,esp8266-4405274,87081,23.1,12.027309490617752,57.71347144687462,2019-06-27_100014
1561622455365012995,7.18,3.12,56,8967,225,esp8266-4405274,87090,23.1,12.03173416398215,57.71433346005154,2019-06-27_100055
1561622496539260063,4.1,3.15,56,9910,225,esp8266-4405274,87160,23.2,12.033468884487151,57.71302549188567,2019-06-27_100136
1561622538889054421,4.15,3.3,55.8,9387,225,esp8266-4405274,87081,23.2,12.033794340290545,57.713733328363894,2019-06-27_100218
1561622581187349926,5.68,2.97,55.8,9198,225,esp8266-4405274,87112,23.1,12.030206289855242,57.713584309050795,2019-06-27_100301
1561622622360563087,8.15,3.42,55.8,10098,225,esp8266-4405274,87097,23.1,12.026691267593382,57.713500721126564,2019-06-27_100342
1561622664062176301,8.98,3.7,55.7,8318,225,esp8266-4405274,87123,23,12.024723932643413,57.71346987564755,2019-06-27_100424
1561622705776918004,8.63,3.95,55.9,8933,225,esp8266-4405274,87118,22.9,12.02374588458967,57.711271223082065,2019-06-27_100505
1561622747036444030,5.28,3.42,56.3,9021,225,esp8266-4405274,87122,22.8,12.024510109331844,57.70599485864138,2019-06-27_100547
1561622788296957712,6.43,3.4,56.6,8573,225,esp8266-4405274,87140,22.7,12.023013890873194,57.702420515211344,2019-06-27_100628
1561622829519809831,6.7,3.37,57.3,9231,225,esp8266-4405274,87132,22.7,12.023020415222167,57.70169962439727,2019-06-27_100709
1561622870794152576,11.93,3.87,57.8,8327,225,esp8266-4405274,87127,22.7,12.029797319242716,57.70153400236988,2019-06-27_100750
1561622912113964956,5.85,3.15,57,8304,225,esp8266-4405274,87120,22.7,12.033386871573446,57.698052800992954,2019-06-27_100832
1561622953287109263,6.37,3.87,57,9237,225,esp8266-4405274,87062,22.8,12.033712951171875,57.69481039453125,2019-06-27_100913
1561622994536933362,5.72,3.25,56.4,8748,225,esp8266-4405274,87184,22.8,12.034351590934753,57.69231808813715,2019-06-27_100954
1561623035859401940,4.68,3.25,56.6,8301,225,esp8266-4405274,87173,22.9,12.034498202128175,57.69275382605051,2019-06-27_101035
1561623078055211820,6.12,3.35,56.8,8319,225,esp8266-4405274,87121,22.9,12.033804723941087,57.6959505830574,2019-06-27_101118
1561623119254835190,7.85,3.6,56.7,20376,225,esp8266-4405274,87116,22.8,12.032787645053864,57.699166493738176,2019-06-27_101159
1561623161601931267,5.4,3.03,57.2,8248,225,esp8266-4405274,87075,22.6,12.029391406652689,57.70172028218865,2019-06-27_101241
1561623202922966199,6.35,3.28,57.1,9074,225,esp8266-4405274,87080,22.6,12.02347160763693,57.701273930160525,2019-06-27_101322
1561623246727889933,9.2,3.95,58.3,8774,225,esp8266-4405274,87113,22.2,12.024927095230101,57.70467847631836,2019-06-27_101406
1561623289221078458,18.85,6.2,58.4,11793,225,esp8266-4405274,87083,22.3,12.027822365170717,57.70632788431454,2019-06-27_101449
1561623333970159170,14.4,4.35,59.1,9839,225,esp8266-4405274,87119,22.1,12.03188992375612,57.70417671749592,2019-06-27_101533
1561623375765313529,7.8,4.07,59.4,10795,225,esp8266-4405274,87089,22,12.031745561622143,57.70424167306423,2019-06-27_101615
1561623418438659190,6.9,4.03,59.5,9176,225,esp8266-4405274,87098,21.9,12.026504553515435,57.70636431597758,2019-06-27_101658
1561623461085878809,8.3,4.05,60.6,9849,225,esp8266-4405274,87062,21.9,12.0243857596426,57.703139250129226,2019-06-27_101741
1561623502542551398,7.05,4.1,60.4,9985,226,esp8266-4405274,87046,21.8,12.017057127563955,57.701055053166634,2019-06-27_101822
1561623547080902162,10.5,4.12,60.7,8127,226,esp8266-4405274,87056,21.8,12.012204108825685,57.69968636871338,2019-06-27_101907
1561623588901927563,11.3,3.9,60.6,11681,226,esp8266-4405274,87054,21.8,12.00944380385542,57.70041339397597,2019-06-27_101948
1561623632604314473,7.05,3.9,61.5,8907,226,esp8266-4405274,87076,21.9,12.008789302002906,57.70186953959942,2019-06-27_102032
1561623674286123207,6.07,3.83,60.7,10108,226,esp8266-4405274,87072,22.1,12.005024745368958,57.70171528898621,2019-06-27_102114
1561623718973034023,6.37,4.32,59.4,10323,226,esp8266-4405274,87081,22.6,12.003264435966493,57.70242165169525,2019-06-27_102158
1561623760717143330,7.35,3.87,59.4,11620,226,esp8266-4405274,87032,22.6,11.998719948585508,57.69928452289367,2019-06-27_102240
1561623801893330398,5.47,3.6,58.5,8730,226,esp8266-4405274,87095,22.9,11.995104853357315,57.69783310644484,2019-06-27_102321
1561623843325889965,8.02,4.53,57.8,9182,226,esp8266-4405274,87089,23.2,11.992231360867025,57.6975701472516,2019-06-27_102403
1561623885436173751,6.25,3.65,56.9,8031,226,esp8266-4405274,87098,23.5,11.98633401078272,57.69886859547806,2019-06-27_102445
1561623926631793059,6.87,4.45,55.7,9216,226,esp8266-4405274,87128,23.8,11.985768271730421,57.70162165356374,2019-06-27_102526
1561623968880653511,7,4.5,53.4,8327,226,esp8266-4405274,87109,24.3,11.985007,57.70576756025838,2019-06-27_102608
1561624010132692766,8.25,4.8,53.3,10138,226,esp8266-4405274,87086,24.3,11.985072734614374,57.70676726538562,2019-06-27_102650
1561624051374219157,4.47,3.4,52.4,8319,226,esp8266-4405274,86998,24.3,11.985073,57.707528128904094,2019-06-27_102731
1561624094031980234,6.78,3.85,53.3,8494,226,esp8266-4405274,87078,24.2,11.98510190405917,57.708306400986196,2019-06-27_102814
1561624135876625010,22.37,5.78,53.2,9829,226,esp8266-4405274,87080,24.2,11.985200844239714,57.70989230513263,2019-06-27_102855
1561624177140420463,12.1,4.8,53.5,9566,226,esp8266-4405274,87091,24.2,11.98067614835024,57.70906252756787,2019-06-27_102937
1561624218269147947,5.97,3.9,53,8147,226,esp8266-4405274,87077,24.3,11.976955385112763,57.708474461704256,2019-06-27_103018
1561624259539175640,5.75,3.83,52.8,8316,226,esp8266-4405274,87122,24.2,11.977769225769757,57.70678788564706,2019-06-27_103059
1561624300895192916,8.68,3.78,52.4,8266,226,esp8266-4405274,87014,24.1,11.977045510621785,57.70455913946462,2019-06-27_103140
1561624342250859827,6.53,4.3,52.9,9176,226,esp8266-4405274,87008,24,11.972584498280526,57.70255999999999,2019-06-27_103222
1561624384428968769,4.97,3.9,53.4,8154,226,esp8266-4405274,87037,23.8,11.968049286906004,57.70098356825066,2019-06-27_103304
1561624432505730418,9.27,4.65,53.4,9985,226,esp8266-4405274,87063,23.8,11.968172770784378,57.70065871202445,2019-06-27_103352
1561624473900711183,4.47,3.6,53.9,5443,226,esp8266-4405274,87123,23.7,11.968877666580203,57.699748156173705,2019-06-27_103433
1561624515148163980,4.07,3.33,54.1,9112,226,esp8266-4405274,87084,23.5,11.970293814687729,57.69755833390522,2019-06-27_103515
1561624556528287870,5.45,3.7,54.2,8167,226,esp8266-4405274,87070,23.4,11.970450358561752,57.69730299999999,2019-06-27_103556
1561624599193165146,6.45,3.97,54.6,8335,226,esp8266-4405274,87065,23.3,11.971993864775659,57.69497393017625,2019-06-27_103639
1561624641769909140,6.05,3.55,54.7,9841,226,esp8266-4405274,87058,23.3,11.972850000000001,57.69400653981828,2019-06-27_103721
1561624683139182978,4.5,3.4,54.4,9808,226,esp8266-4405274,87037,23.4,11.97281027836609,57.694005278366085,2019-06-27_103803
1561624727149714628,9.5,4.12,54.2,8185,226,esp8266-4405274,87050,23.6,11.974874099355459,57.69389505941463,2019-06-27_103847
1561624772010602372,5.25,3.7,54,10716,226,esp8266-4405274,87098,23.8,11.979215568665982,57.69072124048948,2019-06-27_103932
1561624815468383605,5.93,3.9,53.6,11983,226,esp8266-4405274,87009,24.1,11.983216618302109,57.68641157139659,2019-06-27_104015
1561624858568578745,5.5,3.87,53.2,10076,226,esp8266-4405274,86991,24.4,11.986379805480956,57.686776511217126,2019-06-27_104058
1561624900426048781,7.87,4.28,52.5,10465,226,esp8266-4405274,87064,24.5,11.984679823412895,57.68849667990351,2019-06-27_104140
1561624941776480067,9.1,4.28,52.2,9586,226,esp8266-4405274,86997,24.5,11.985599235200407,57.6902222352004,2019-06-27_104221
1561624982998780468,5.28,3.3,52.4,9151,226,esp8266-4405274,86998,24.7,11.986508968292714,57.69136303902436,2019-06-27_104302
1561625025092571911,4.65,3.65,52.3,8174,226,esp8266-4405274,87102,24.6,11.985934074280262,57.69201259201527,2019-06-27_104345
1561625066416634916,5.35,3.55,52.3,9213,226,esp8266-4405274,87083,24.6,11.986252833652019,57.69127091682602,2019-06-27_104426
1561625107589260681,6.22,4.1,52.6,8287,226,esp8266-4405274,87052,24.6,11.986295875174285,57.69114176778245,2019-06-27_104507
1561625148836423686,5.57,3.3,52.9,9105,226,esp8266-4405274,87061,24.6,11.986308836423635,57.69115250927091,2019-06-27_104548
1561625193368425544,6.82,3.92,52,8606,226,esp8266-4405274,86994,25.2,11.986282789529803,57.69106110527611,2019-06-27_104633
1561625235133544643,4.62,3.5,51.9,10874,226,esp8266-4405274,87068,25.2,11.986107534178734,57.69098433227657,2019-06-27_104715
1561625276305879731,5.55,3.92,50.6,9140,226,esp8266-4405274,87033,25.5,11.98625585884118,57.691239552961356,2019-06-27_104756
1561625317503214924,5.55,3.55,50.4,8266,226,esp8266-4405274,87000,25.7,11.986283000000002,57.691371496785166,2019-06-27_104837
1561625358823892096,4.87,3.72,49.7,8259,226,esp8266-4405274,87031,26,11.986370238918783,57.69141011329747,2019-06-27_104918
1561625399971431090,7.93,3.87,48.8,9089,226,esp8266-4405274,87077,26.5,11.9863442571187,57.69145922854997,2019-06-27_104959
1561625441220795293,7.12,3.9,47.9,8318,226,esp8266-4405274,87054,26.9,11.986315662386179,57.69146544159079,2019-06-27_105041
1561625484394859183,4.32,3.75,45.9,8124,226,esp8266-4405274,87081,27.5,11.98638881542206,57.69140278971862,2019-06-27_105124
1561625527072784115,5.35,3.8,45.8,9867,226,esp8266-4405274,87035,27.4,11.986323072784185,57.69137307278418,2019-06-27_105207
1561625568814181911,4.82,3.5,45.5,9842,226,esp8266-4405274,87084,27.6,11.986302300727369,57.691382000000004,2019-06-27_105248
1561625610866016062,4.87,3.62,45.4,9149,224,esp8266-4405274,87391,27.8,11.986436062111377,57.69136819609547,2019-06-27_105330
1561625652236356880,4.45,3.95,44.9,9461,225,esp8266-4405274,87237,27.9,11.986371454645397,57.69144252728606,2019-06-27_105412
1561625694582396395,4.55,3.65,44.7,8753,225,esp8266-4405274,87342,27.8,11.986397241568568,57.691443988758095,2019-06-27_105454
1561625735879302837,4.3,3.9,44.7,9182,225,esp8266-4405274,87308,27.8,11.98617387930298,57.6914093102417,2019-06-27_105535
1561625778151858029,4.43,3.8,44.9,9257,225,esp8266-4405274,87243,27.9,11.98647410016203,57.69120163327932,2019-06-27_105618
1561625820372472701,6.12,3.62,44.9,9181,225,esp8266-4405274,87271,28.1,11.986207214615348,57.69135827527475,2019-06-27_105700
1561625862797475601,4.57,3.1,45.1,9215,225,esp8266-4405274,87255,28.4,11.986208594951153,57.691443,2019-06-27_105742
1561625903967445534,5.35,3.6,45,9979,225,esp8266-4405274,87201,28.4,11.986329837228064,57.69149913021755,2019-06-27_105823
1561625947568411767,4,3.6,44.5,8696,225,esp8266-4405274,87225,28.9,11.986256136823176,57.6915,2019-06-27_105907
1561625989364600553,3.03,2.8,43.6,9853,225,esp8266-4405274,87179,29.5,11.986320469009875,57.691517104409215,2019-06-27_105949
1561626034486537984,3.65,2.83,43.2,9575,225,esp8266-4405274,87213,30.2,11.986626782703397,57.690891759586336,2019-06-27_110034
1561626075985065780,5.07,3.92,42.4,11702,225,esp8266-4405274,87184,30.7,11.987202284349918,57.68940940262794,2019-06-27_110115
1561626118765076077,4.22,3.83,38.2,9536,225,esp8266-4405274,87196,31.4,11.985214539045574,57.686800031453366,2019-06-27_110158
1561626160934984811,7.07,4.13,38.1,10741,225,esp8266-4405274,87098,31.3,11.981304888560292,57.68873659131718,2019-06-27_110240
1561626202745634118,8.55,4.37,37.5,9993,225,esp8266-4405274,87119,31.3,11.97897149126816,57.690087369022365,2019-06-27_110322
1561626250776523214,6.03,3.97,37.5,8439,225,esp8266-4405274,87202,31.1,11.981148458243132,57.68759727312087,2019-06-27_110410
1561626292370917781,3.85,3.47,37.9,4152,225,esp8266-4405274,87232,30.8,11.984082759712695,57.6858543351636,2019-06-27_110452
1561626334599833234,3.6,3.3,39,9213,225,esp8266-4405274,87157,29.7,11.98400399416375,57.681299186326505,2019-06-27_110534
1561626375915755822,5.32,3.75,39,9046,225,esp8266-4405274,87159,29.7,11.981577678477288,57.6792485710516,2019-06-27_110615
1561626419516113462,3.47,3.17,40,9043,225,esp8266-4405274,87178,29.3,11.976174902837993,57.6802073857627,2019-06-27_110659
1561626461597445060,4.43,3.22,40.6,10744,225,esp8266-4405274,87137,28.9,11.972170655076503,57.67948846969556,2019-06-27_110741
1561626504764968377,3.47,3.12,40.9,9872,225,esp8266-4405274,87170,28.5,11.965992155448914,57.680842678318506,2019-06-27_110824
1561626547309066226,5,3.65,42,9918,225,esp8266-4405274,87060,28.1,11.963798454668524,57.684250836535924,2019-06-27_110907
1561626590232154543,4.32,3.55,43,10547,225,esp8266-4405274,87102,27.7,11.964080749177457,57.68503703470374,2019-06-27_110950
1561626633360436557,4.78,3.75,43.5,9833,225,esp8266-4405274,87120,27.4,11.968800674762726,57.68889817599583,2019-06-27_111033
1561626675630007635,4.35,3.7,44.1,9995,225,esp8266-4405274,87121,26.9,11.973245040060043,57.689789520030025,2019-06-27_111115
1561626717820657202,3.83,3.53,45,9049,225,esp8266-4405274,87030,26.5,11.973697000000001,57.69211688544798,2019-06-27_111157
1561626762497206196,5.35,3.5,45.7,8945,225,esp8266-4405274,87117,26.1,11.973329486031055,57.6931419497118,2019-06-27_111242
1561626803868583211,5.5,3.35,46.3,11750,225,esp8266-4405274,87083,25.8,11.978493232025148,57.69504522792386,2019-06-27_111323
1561626845115587466,8.35,4.2,47.2,8648,225,esp8266-4405274,87115,25.5,11.97976705947733,57.692079975535634,2019-06-27_111405
1561626887311956773,4.35,3.6,48,8746,225,esp8266-4405274,87119,25.2,11.983860565202713,57.68913419566441,2019-06-27_111447
1561626928615154986,4.5,4.07,48.5,9930,225,esp8266-4405274,87139,24.9,11.986787084730626,57.6873664057417,2019-06-27_111528
1561626969883533044,5.53,3.7,49.5,8563,225,esp8266-4405274,87146,24.7,11.987711196711066,57.691837859572885,2019-06-27_111609
1561627012129667142,4.3,3.9,49.9,8198,225,esp8266-4405274,87158,24.6,11.987293443995476,57.695415720987555,2019-06-27_111652
1561627054467330407,4.15,3.53,50,9226,225,esp8266-4405274,87134,24.5,11.987361401990654,57.695497065339566,2019-06-27_111734
1561627095753432891,4.78,3.67,50,10090,225,esp8266-4405274,87046,24.5,11.987574232836245,57.696233232836256,2019-06-27_111815
1561627137022336626,3.95,3.55,50.2,8242,225,esp8266-4405274,87067,24.5,11.987686994858265,57.696939620279785,2019-06-27_111857
1561627178285852860,3.97,3.58,50.7,8406,225,esp8266-4405274,87087,24.4,11.989787282941819,57.69726171414709,2019-06-27_111938
1561627219542112636,3.95,3.58,50.8,8137,225,esp8266-4405274,87073,24.5,11.99090145788741,57.69736854211259,2019-06-27_112019
1561627260690946995,4.07,3.4,50.8,9177,225,esp8266-4405274,87108,24.6,11.995485267412187,57.69767763579417,2019-06-27_112100
1561627301963877084,3.92,3.6,50.4,8277,225,esp8266-4405274,87112,24.7,11.995649591210842,57.69872595063113,2019-06-27_112141
1561627343136119412,3.6,3.25,50.7,8292,225,esp8266-4405274,87150,24.8,11.995285408358098,57.69974296358347,2019-06-27_112223
1561627384460183615,4.55,3.7,50.7,8244,225,esp8266-4405274,87072,25,11.995001681468965,57.70162297320604,2019-06-27_112304
1561627425716338807,4.55,4.1,50.4,9152,225,esp8266-4405274,87058,25.2,11.994910581693171,57.70253783661366,2019-06-27_112345
1561627466831439260,4.32,3.92,49.6,8112,225,esp8266-4405274,87190,25.4,11.995058371214869,57.70397379925203,2019-06-27_112426
1561627508027455859,5.68,3.75,48.8,8316,225,esp8266-4405274,87136,25.7,11.995522807809353,57.70571587431192,2019-06-27_112508
1561627549200630948,6.47,4.3,48.2,8280,225,esp8266-4405274,87099,25.9,11.996287786746025,57.70793899053288,2019-06-27_112549
1561627592871853014,4.87,3.8,47.3,8600,225,esp8266-4405274,87120,26.1,11.997152510316132,57.71015058129858,2019-06-27_112632
1561627635930512008,5.87,4.22,46.6,10720,225,esp8266-4405274,87111,26.2,11.994742691755773,57.71328767082978,2019-06-27_112715
1561627679150974283,6.97,4.6,46.4,9819,225,esp8266-4405274,87114,26.2,11.993011285736085,57.71719065744399,2019-06-27_112759
1561627722322749580,8.1,4.47,46.4,9988,225,esp8266-4405274,87112,26.2,,,2019-06-27_112842
1561627764443808782,19.3,6.8,46.7,9989,226,esp8266-4405274,87021,26.1,11.97658522641635,57.72645513526582,2019-06-27_112924
1561627807815682203,9.3,5,47.3,9794,226,esp8266-4405274,87029,26,11.963680332019806,57.72530314868737,2019-06-27_113007
1561627850891830103,5,3.62,46.9,10866,226,esp8266-4405274,87055,25.8,11.957988536267758,57.724174562737474,2019-06-27_113050
1561627892736925764,3.47,3.17,47.2,9850,226,esp8266-4405274,87081,25.6,11.954775427899362,57.721706526148786,2019-06-27_113132
1561627934627380280,3.72,3.15,47.1,9065,226,esp8266-4405274,87078,25.5,11.951406467825176,57.72338851313377,2019-06-27_113214
1561627978978597659,3.4,3.1,47.1,8046,226,esp8266-4405274,87093,25.4,11.95004524133682,57.721402137994765,2019-06-27_113258
1561628020302277070,4.62,3.35,47,11550,226,esp8266-4405274,87074,25.6,11.944924695637704,57.720633650095934,2019-06-27_113340
1561628064376206376,6.05,4.2,47.4,8659,226,esp8266-4405274,87060,25.6,11.944917,57.7198361286192,2019-06-27_113424
1561628107047861464,3.83,3.47,46.5,10718,226,esp8266-4405274,87073,25.8,11.944888468429564,57.71985676069212,2019-06-27_113507
1561628149000413167,3.65,3.35,46.5,10009,226,esp8266-4405274,87063,25.8,11.945148000413178,57.720253,2019-06-27_113549
1561628190712963932,3.6,3.3,46.1,9870,226,esp8266-4405274,87080,26,11.944804176089526,57.72079429628944,2019-06-27_113630
1561628231984205583,3.4,3.12,46.2,9014,226,esp8266-4405274,87078,26.2,11.934769041480065,57.72093755775357,2019-06-27_113711
1561628273157896765,4.25,3.25,45.6,9027,226,esp8266-4405274,87076,26.4,11.933687631510258,57.71966636837458,2019-06-27_113753
1561628314416306854,4.6,3.62,45.2,8320,226,esp8266-4405274,87119,26.6,11.933697918465139,57.71982083261395,2019-06-27_113834
1561628407565431808,3.9,3.5,44.8,6302,222,esp8266-4405274,87736,26.7,11.933473306170583,57.71983013086368,2019-06-27_114007
1561628449456185750,3.12,2.92,44.5,9012,222,esp8266-4405274,88340,26.9,11.933719298973083,57.71980042139363,2019-06-27_114049
1561628902886101448,7.2,3.83,45.9,9571,218,esp8266-4405274,85676,25.7,11.93411674409044,57.71974047967207,2019-06-27_114822
1561628944435435390,3.58,3.28,46.2,9413,225,esp8266-4405274,87060,25.5,11.943518915952684,57.72059432131768,2019-06-27_114904
1561628985682283760,7.07,3.93,46.9,19419,225,esp8266-4405274,87078,25.4,11.944960000000002,57.720477,2019-06-27_114945
1561629026902643327,3.1,2.9,47,8869,225,esp8266-4405274,87080,25.1,11.944864831718442,57.71811947709466,2019-06-27_115026
1561629068076806124,3.62,3.25,47.2,8293,225,esp8266-4405274,87140,25,11.944509537642478,57.71532815209103,2019-06-27_115108
1561629109393634494,4.07,3.1,48,8331,225,esp8266-4405274,86989,24.8,11.942887000000002,57.712532745382305,2019-06-27_115149
1561629150669369530,4.1,3.7,48.4,8323,225,esp8266-4405274,87020,24.7,11.942675573682404,57.71178109082184,2019-06-27_115230
1561629192062369202,3.47,3.17,49,9167,225,esp8266-4405274,87038,24.7,11.944370180836676,57.71103383989573,2019-06-27_115312
1561629233316950957,5.93,3.7,49,8618,225,esp8266-4405274,87112,24.6,11.942477177021626,57.71003243481075,2019-06-27_115353
1561629274515360785,6.07,3.87,49.3,8323,225,esp8266-4405274,87099,24.6,11.943483,57.70890442319585,2019-06-27_115434
1561629315687900248,8.75,7.97,49.2,12538,225,esp8266-4405274,87051,24.6,11.943607407650234,57.7091721592505,2019-06-27_115515
1562020073694947387,2.4,0.77,60.3,8190,239,esp8266-4405274,82141,17.4,,,2019-07-02_002753
1562020091627608943,1.85,0.77,60.3,9442,239,esp8266-4405274,82219,17.4,,,2019-07-02_002811
1562020132849963719,3.67,1,61.1,9422,239,esp8266-4405274,82214,17.4,,,2019-07-02_002852
1562020217463074930,3.22,0.7,58.1,11482,218,esp8266-4405274,85700,16.6,,,2019-07-02_003017
1562020218527501804,2.37,0.8,54.6,8008,220,esp8266-4405274,86247,18.1,,,2019-07-02_003018
1562020261702593350,2.95,0.6,54.5,10827,223,esp8266-4405274,87083,18.2,,,2019-07-02_003101
1562020262739412204,5.18,1.2,57.3,9881,227,esp8266-4405274,86514,16.6,,,2019-07-02_003102
1562020305458555469,2.78,0.68,56.9,11809,225,esp8266-4405274,86349,16.7,,,2019-07-02_003145
1562020346855726234,3.85,0.7,56.4,8826,226,esp8266-4405274,86372,16.9,,,2019-07-02_003226
1562020349728629405,2.45,0.7,54.3,8282,222,esp8266-4405274,86180,18.6,,,2019-07-02_003229
1562020391107328457,3.35,0.9,56.2,9512,226,esp8266-4405274,86399,17,,,2019-07-02_003311
1562020391451420796,5.1,1,54.4,8794,224,esp8266-4405274,86976,18.9,,,2019-07-02_003311
1562020432334260421,3.58,0.8,55.7,10622,226,esp8266-4405274,86355,17.1,,,2019-07-02_003352
1562020432726522551,2.58,0.8,54,9087,225,esp8266-4405274,86561,19.1,,,2019-07-02_003352
1562020473998235712,4.05,0.88,53.6,8184,227,esp8266-4405274,86247,19.3,,,2019-07-02_003433
1562020475349130873,2.92,0.8,56,8343,226,esp8266-4405274,86401,17.2,,,2019-07-02_003435
1562020516647598717,4.2,1.02,52.9,8547,235,esp8266-4405274,83304,19.5,,,2019-07-02_003516
1562020517185134399,3.8,1.17,55.9,9798,226,esp8266-4405274,86457,17.2,,,2019-07-02_003517
1562020559396876044,5.78,1.33,52.4,9940,235,esp8266-4405274,83710,19.6,,,2019-07-02_003559
1562020560070691205,2.8,0.8,55.4,8759,226,esp8266-4405274,86422,17.3,,,2019-07-02_003600
1562020601397008794,3.8,0.8,55.4,9946,226,esp8266-4405274,86446,17.3,,,2019-07-02_003641
1562020602151538215,6.18,1.3,52.3,9918,235,esp8266-4405274,83671,19.6,,,2019-07-02_003642
1562020643748244663,3.75,0.6,55.1,10351,226,esp8266-4405274,86430,17.4,,,2019-07-02_003723
1562020643987976481,6.62,1.3,52.7,10190,236,esp8266-4405274,83288,19.5,,,2019-07-02_003723
1562020685065708710,2.95,1.2,55.1,9038,226,esp8266-4405274,86385,17.3,,,2019-07-02_003805
1562020685222738861,1.87,0.9,53.3,9997,235,esp8266-4405274,83666,19.2,,,2019-07-02_003805
1562020726481968532,4.12,0.9,54.3,8327,234,esp8266-4405274,83271,19,,,2019-07-02_003846
1562020726690283590,6.97,1.08,55.2,9450,226,esp8266-4405274,86387,17.4,,,2019-07-02_003846
1562020768681550032,4.82,0.98,55.1,8034,227,esp8266-4405274,86348,17.4,,,2019-07-02_003928
1562020768809291120,3.3,0.9,54.5,8617,236,esp8266-4405274,83317,17.9,,,2019-07-02_003928
1562020811054488188,4.87,1.05,56.4,10095,235,esp8266-4405274,83735,18.6,,,2019-07-02_004011
1562020811457997828,4.03,0.9,54.9,9152,227,esp8266-4405274,86288,17.4,,,2019-07-02_004011
1562020852274499474,3.15,1.1,56,9330,235,esp8266-4405274,83697,18.1,,,2019-07-02_004052
1562020854111175416,2.28,0.7,55.1,9636,228,esp8266-4405274,86076,17.5,,,2019-07-02_004054
1562020893546742531,3.42,0.85,56.7,8339,236,esp8266-4405274,83262,17.9,,,2019-07-02_004133
1562020896806713629,4.35,0.88,55,9603,228,esp8266-4405274,86031,17.5,,,2019-07-02_004136
1562020935594232411,3.47,0.98,57.4,9207,236,esp8266-4405274,82625,17.7,,,2019-07-02_004215
1562020938704183352,3.75,0.7,55.2,11506,228,esp8266-4405274,86053,17.5,,,2019-07-02_004218
1562020977270857343,6.03,1.3,57.9,10450,240,esp8266-4405274,81803,17.6,,,2019-07-02_004257
1562020979897113076,4.62,0.95,55.2,8784,228,esp8266-4405274,86090,17.5,,,2019-07-02_004259
1562021018489211234,4.4,0.88,59,8315,239,esp8266-4405274,82227,17.5,,,2019-07-02_004338
1562021022265579102,4.25,0.7,55,7910,228,esp8266-4405274,86137,17.8,,,2019-07-02_004342
1562021059761980280,5.57,1.25,60.1,9398,239,esp8266-4405274,82142,17.5,,,2019-07-02_004419
1562021063365283565,2.62,0.95,54.9,8815,228,esp8266-4405274,86126,17.8,,,2019-07-02_004423
1562021101044940733,4.15,0.75,60.1,9246,239,esp8266-4405274,82207,17.4,,,2019-07-02_004501
1562021104638891154,2.62,0.65,54.1,7904,228,esp8266-4405274,86118,17.8,,,2019-07-02_004504
1562021145834733013,3.8,0.9,54.5,8981,228,esp8266-4405274,86054,17.9,,,2019-07-02_004545
1562048066967084004,4.47,1.1,60.8,8731,240,esp8266-4405274,81782,17.5,,,2019-07-02_081426
1562052063801735985,4.15,1.27,60.9,8673,240,esp8266-4405274,81315,17.5,,,2019-07-02_092103
1562052107951309457,8.25,1.35,60.8,9914,239,esp8266-4405274,81936,17.5,,,2019-07-02_092147
1562052150830798295,2.35,0.98,60.7,11087,239,esp8266-4405274,81925,17.6,,,2019-07-02_092230
1562052192834828227,4.22,0.98,60.8,10721,239,esp8266-4405274,81930,17.6,11.928457,57.748948,2019-07-02_092312
1562052234175376388,3.58,1,60.4,10113,239,esp8266-4405274,81880,17.6,11.926449906995295,57.74785361558961,2019-07-02_092354
1562052282341326422,4.82,1.55,60.2,9599,239,esp8266-4405274,81915,17.6,11.926360071936129,57.74799568265247,2019-07-02_092442
1562052323760569844,3.45,1.1,61.3,9321,239,esp8266-4405274,81948,17.5,,,2019-07-02_092523
1562052358619045973,3.7,0.9,61.5,8357,234,esp8266-4405274,83963,17.3,11.92623242856896,57.748142952385074,2019-07-02_092558
1562052399942671635,4.07,0.93,61.8,9537,233,esp8266-4405274,83472,17.2,11.926234999999998,57.74812829935038,2019-07-02_092639
1562052441239841879,4.3,1.17,62.2,8579,234,esp8266-4405274,83571,17.1,11.926250203166008,57.74810279683399,2019-07-02_092721
1562052482590022176,4.7,1.08,62.2,10380,243,esp8266-4405274,80821,17.1,11.926183,57.7481590650773,2019-07-02_092802
1562052523761867941,5.05,1.1,62.5,9073,243,esp8266-4405274,80742,17.1,11.926190929177999,57.74796504747199,2019-07-02_092843
1562052568540039383,3.47,0.85,62.3,9305,239,esp8266-4405274,82274,17.2,11.926215090336084,57.74808044970346,2019-07-02_092928
1562052610259061919,4.37,0.8,61.9,12063,239,esp8266-4405274,82241,17.2,11.926196183903336,57.748239186565634,2019-07-02_093010
1562052653058832892,3.95,0.93,61.5,9496,239,esp8266-4405274,82262,17.3,11.926161705835579,57.748168529416446,2019-07-02_093053
1562052694820721835,8.35,0.9,60.9,10200,239,esp8266-4405274,82296,17.3,11.926374438301444,57.74811123108279,2019-07-02_093134
1562052738609061662,2.35,0.7,60.4,9339,239,esp8266-4405274,82301,17.4,11.926157067962885,57.74812604530859,2019-07-02_093218
1562052781910387374,2.1,0.73,60.2,20827,239,esp8266-4405274,82252,17.5,11.926074806512355,57.748109523412225,2019-07-02_093301
1562052823900489285,4.47,0.75,60,10245,239,esp8266-4405274,82290,17.6,11.926185850733994,57.74821200000001,2019-07-02_093343
1562052865242410051,2.5,0.8,59.5,9494,239,esp8266-4405274,82295,17.7,11.926173212049722,57.748109318074576,2019-07-02_093425
1562052906517019983,1.85,0.7,58.4,9367,239,esp8266-4405274,82280,17.8,11.926183517019988,57.74817093192006,2019-07-02_093506
1562052947738459603,2.95,0.77,58.2,9656,243,esp8266-4405274,80799,18,11.92616610768938,57.74818330770208,2019-07-02_093547
1562052989062917243,3,0.8,57.2,8533,235,esp8266-4405274,83703,18.1,11.926177937082768,57.74823825166893,2019-07-02_093629
1562053030410331550,5.57,0.9,56.7,9570,243,esp8266-4405274,80694,18.3,11.926198012180327,57.74824665350723,2019-07-02_093710
1562053071784428670,3.95,1.1,55.8,10028,235,esp8266-4405274,83638,18.4,11.926225586856845,57.74812692214298,2019-07-02_093751
1562053115413212403,2.25,0.52,55.4,8571,243,esp8266-4405274,80739,18.6,11.926166413212298,57.7481385867877,2019-07-02_093835
1562053157257888325,2.28,0.7,55.2,11016,235,esp8266-4405274,83675,18.7,11.926153,57.74812251577663,2019-07-02_093917
1562053202478843151,2.35,0.6,55.1,9593,243,esp8266-4405274,80833,18.9,11.926260605783941,57.74811047884321,2019-07-02_094002
1562053243925655844,1.95,0.62,55,12896,235,esp8266-4405274,83697,18.9,11.926207111516236,57.748089148688315,2019-07-02_094043
1562053288074698483,3.78,0.9,54.7,16807,243,esp8266-4405274,80690,19.1,11.92623192530155,57.748124999999995,2019-07-02_094128
1562053329930739821,3.22,1.1,54.3,11440,235,esp8266-4405274,83715,19.3,11.926177443565248,57.74816777276622,2019-07-02_094209
1562053371895387826,3.3,0.82,54.1,10166,243,esp8266-4405274,80781,19.6,11.928892039404394,57.74933058155156,2019-07-02_094251
1562053416092800153,5.35,0.9,54,9811,235,esp8266-4405274,83742,19.9,11.938751566394807,57.74821775360871,2019-07-02_094336
1562053457516388835,2.3,0.75,52.8,11630,243,esp8266-4405274,80761,20.2,11.93979105347204,57.742517220833776,2019-07-02_094417
1562053498959410434,2.95,1.05,51,8973,235,esp8266-4405274,83702,20.4,11.94158817709756,57.73749434331035,2019-07-02_094458
1562053540134377033,3.03,0.88,51.5,9627,243,esp8266-4405274,80775,20.5,11.941719626549483,57.73267224396229,2019-07-02_094540
1562053582558823423,2.67,0.82,50.7,8879,235,esp8266-4405274,83785,21.2,11.94390677943337,57.72952892647159,2019-07-02_094622
1562053623881375491,3.05,0.7,50,10617,243,esp8266-4405274,80786,20.4,11.945859297718645,57.72762929771864,2019-07-02_094703
1562053665277924433,2.15,0.68,50.1,8449,235,esp8266-4405274,83586,20.4,11.943905890940187,57.725233540451896,2019-07-02_094745
1562053706627501761,4.35,0.8,50.2,8741,243,esp8266-4405274,80699,20.4,11.943385489993098,57.7217457876122,2019-07-02_094826
1562053749407528099,6.85,0.8,50.6,9413,235,esp8266-4405274,83728,20.4,11.942810501630186,57.72057101882041,2019-07-02_094909
1562053791074933916,3.65,0.85,50.4,10457,243,esp8266-4405274,80732,20.5,11.947271443843842,57.720217633249284,2019-07-02_094951
1562053835322116868,2.35,0.7,50.2,8429,235,esp8266-4405274,83723,20.5,11.955928045274733,57.71989508412361,2019-07-02_095035
1562053877845270290,3.17,0.77,49.7,13141,243,esp8266-4405274,80752,20.6,11.96272083108902,57.71625927768899,2019-07-02_095117
1562053922593129335,1.37,0.6,49.7,9878,235,esp8266-4405274,83717,20.6,11.967224656457901,57.71119317549896,2019-07-02_095202
1562053964289475621,3.1,0.95,49.3,12272,241,esp8266-4405274,80865,20.6,11.964148184232473,57.7101684473784,2019-07-02_095244
1562054005535437480,2.8,0.85,49.2,9423,234,esp8266-4405274,83982,20.5,11.965447905308723,57.71036808278322,2019-07-02_095325
1562054047857010381,1.48,0.62,50.3,9528,243,esp8266-4405274,80920,20.4,11.965775857010367,57.709841285979266,2019-07-02_095407
1562054089149201094,2.28,0.8,50.4,9858,234,esp8266-4405274,83912,20.4,11.966087850798845,57.70959859680462,2019-07-02_095449
1562054131465558422,3.92,0.65,51.4,10114,243,esp8266-4405274,80841,20.1,11.966474653190614,57.70953398337794,2019-07-02_095531
1562054172802817312,3.85,0.7,51.4,9289,234,esp8266-4405274,83877,20.1,11.971290845046044,57.70672098594475,2019-07-02_095612
1562054214126308963,3.95,1.05,51.7,8673,243,esp8266-4405274,80871,20,11.972277131870985,57.70861337401748,2019-07-02_095654
1562054255378619781,4.95,1,51.8,9479,234,esp8266-4405274,83759,19.8,11.977358311764716,57.70852381962668,2019-07-02_095735
1562054296628019661,4.68,0.93,52.2,8569,243,esp8266-4405274,80851,19.7,11.977447884059426,57.70810893237639,2019-07-02_095816
1562054338718843916,1.98,1.67,51.9,8886,234,esp8266-4405274,83808,19.6,11.977487875375745,57.70742054786134,2019-07-02_095858
1562054380272274994,1.6,0.9,51.7,10441,243,esp8266-4405274,80845,19.5,11.974217616008282,57.703359796923635,2019-07-02_095940
1562054422696833050,1.95,0.7,52.5,9120,234,esp8266-4405274,83849,19.2,11.971993000000001,57.70259800000001,2019-07-02_100022
1562054464038625274,2,0.75,52.6,10473,243,esp8266-4405274,80865,19.3,11.969233600659846,57.701243313258175,2019-07-02_100104
1562054505210288800,1.87,0.7,52.5,8473,234,esp8266-4405274,83810,19.2,11.965113787456513,57.700302210289,2019-07-02_100145
1562054546435720555,4.22,1,53.6,8739,243,esp8266-4405274,80790,19,11.963681279550551,57.70011579292488,2019-07-02_100226
1562054590558526007,5.87,1.1,53.6,10115,234,esp8266-4405274,83757,18.8,11.957810817559718,57.70006839631509,2019-07-02_100310
1562054631928080366,2.5,0.8,54.4,12272,243,esp8266-4405274,80772,18.7,11.954108030666589,57.70036486303615,2019-07-02_100351
1562054673126806861,1.9,0.5,56,8311,234,esp8266-4405274,83764,18.5,11.951268063403369,57.700915,2019-07-02_100433
1562054717752364084,1.9,0.5,56.6,9155,243,esp8266-4405274,80790,18.3,11.945580709176063,57.70098407564545,2019-07-02_100517
1562054760129056099,5.87,0.98,57.2,11930,234,esp8266-4405274,83762,18.2,11.932718458313465,57.69996090375948,2019-07-02_100600
1562054802005071083,3.8,1.17,58.8,9500,243,esp8266-4405274,80814,17.9,11.931658468508722,57.6995395588088,2019-07-02_100642
1562054844143311431,1.23,0.4,58,10357,234,esp8266-4405274,83745,17.7,11.943777438144563,57.700679702251556,2019-07-02_100724
1562054885510224801,2.5,0.68,57.9,20388,243,esp8266-4405274,80738,17.6,11.950601214213133,57.701032,2019-07-02_100805
1562054926813427077,0.57,0.4,58.6,9402,234,esp8266-4405274,83832,17.4,11.951420261503458,57.7005525370884,2019-07-02_100846
1562054968063808363,3.15,0.6,59.1,8576,243,esp8266-4405274,80814,17.3,11.951851435684562,57.698317147533174,2019-07-02_100928
1562055010359036524,2.37,0.98,60.4,9413,234,esp8266-4405274,83797,17.2,11.951309614453315,57.696512540976045,2019-07-02_101010
1562055052756774685,4.8,0.95,59.9,9656,243,esp8266-4405274,80812,17.2,11.952168539985419,57.69398892002917,2019-07-02_101052
1562055094979380398,1.75,0.5,60.3,9460,234,esp8266-4405274,83721,17.2,11.952378979380372,57.69243035048163,2019-07-02_101134
1562055137455620382,1,0.55,60.1,10271,243,esp8266-4405274,80807,17.2,11.952459053289891,57.69031117751885,2019-07-02_101217
1562055181128474376,1.33,0.45,60.1,9379,234,esp8266-4405274,83750,17.2,11.95288169271171,57.688821887282245,2019-07-02_101301
1562055225196578213,2.25,0.6,60.5,11328,243,esp8266-4405274,80731,17.3,11.952527944654106,57.68551692754543,2019-07-02_101345
1562055266525626687,8.32,1,59.7,12095,234,esp8266-4405274,83693,17.3,11.956479970067738,57.68429767826604,2019-07-02_101426
1562055308766477452,6.62,1.17,59.6,9941,243,esp8266-4405274,80766,17.4,11.96367334656906,57.68436133434581,2019-07-02_101508
1562055351265751602,1.98,0.55,58.5,11225,234,esp8266-4405274,83696,17.6,11.968064082355976,57.6887141397388,2019-07-02_101551
1562055393486660076,1.87,0.4,58.4,12570,243,esp8266-4405274,80789,17.6,11.97247477050972,57.68468405978012,2019-07-02_101633
1562055434962856518,1.15,0.6,58,10366,234,esp8266-4405274,83728,17.7,11.976751775809408,57.68400986425054,2019-07-02_101714
1562055477259621086,2.15,0.52,57.9,8725,243,esp8266-4405274,80768,17.6,11.979485028114798,57.68045026022004,2019-07-02_101757
1562055519582859507,1.48,0.3,57.8,10254,234,esp8266-4405274,83780,17.2,11.984521088752986,57.679826362502325,2019-07-02_101839
1562055560854039022,1.77,0.3,58.1,9525,243,esp8266-4405274,80752,17.6,11.984515788856983,57.683759461007234,2019-07-02_101920
1562055603073899215,1.33,0.4,58.7,8484,234,esp8266-4405274,83739,17.5,11.986651944979668,57.68324572719335,2019-07-02_102003
1562055644403679616,0.5,0.3,58.6,11191,243,esp8266-4405274,80771,17.4,11.987966636890889,57.680753078472605,2019-07-02_102044
1562055685695243871,0.28,0.28,59,8330,234,esp8266-4405274,83733,17.3,11.992565313545226,57.679193428657534,2019-07-02_102125
1562055726992335157,0.4,0.4,59.1,8564,243,esp8266-4405274,80801,17.2,11.993332329319594,57.67662744429338,2019-07-02_102206
1562055768289698735,3.78,0.73,59.4,9906,234,esp8266-4405274,83792,17,11.995174779089213,57.6749546630733,2019-07-02_102248
1562055809589783511,1.7,0.6,59.9,8695,243,esp8266-4405274,80786,16.9,12.00110914621115,57.67534469116545,2019-07-02_102329
1562055850911425318,1.3,0.2,60.4,9173,234,esp8266-4405274,83746,16.8,12.006374999999998,57.676078000000004,2019-07-02_102410
1562055893158280823,0.68,0.45,60.1,8730,243,esp8266-4405274,80773,16.6,12.007601653609873,57.67534039670646,2019-07-02_102453
1562055934429593411,0.9,0.45,59.8,9414,234,esp8266-4405274,83753,16.5,12.010776411710145,57.66999171704877,2019-07-02_102534
1562055978430840478,0.9,0.3,61,10051,243,esp8266-4405274,80792,16.5,12.009099285902025,57.66538991627931,2019-07-02_102618
1562056021653539368,0.37,0.37,61.3,11262,234,esp8266-4405274,83703,16.4,12.000161660773873,57.66201015728007,2019-07-02_102701
1562056063300462216,2.3,0.55,61.9,10624,243,esp8266-4405274,80778,16.3,11.994488336671115,57.6643269537754,2019-07-02_102743
1562056104494798659,0.82,0.5,61.6,9839,234,esp8266-4405274,83763,16.2,11.988837427852632,57.667096679110536,2019-07-02_102824
1562056145793056404,2.25,0.2,62.5,9170,243,esp8266-4405274,80733,16.2,11.983600185499192,57.67118827774048,2019-07-02_102905
1562056188065518367,1.27,0.45,61.1,8374,235,esp8266-4405274,83802,16.1,11.979973732858179,57.672915412024025,2019-07-02_102948
1562056229340904392,0.75,0.3,61,10589,243,esp8266-4405274,80812,16,11.975396499289037,57.67510271628536,2019-07-02_103029
1562056270711388075,2.5,0.47,60.5,8828,235,esp8266-4405274,83734,16,11.969829634902002,57.67870380033922,2019-07-02_103110
1562056312884013423,1.42,0.6,60.3,9692,243,esp8266-4405274,80719,16,11.965016564281703,57.681360608160986,2019-07-02_103152
1562056355319014397,1.37,0.5,59.8,10086,235,esp8266-4405274,83665,16,11.963435552114486,57.6841684355644,2019-07-02_103235
1562056396752757714,0.52,0.3,59.3,9358,243,esp8266-4405274,80694,16,11.96615271319008,57.68743017458105,2019-07-02_103316
1562056438141538167,4.1,0.5,58.9,9723,235,esp8266-4405274,83652,16,11.970727729251623,57.6874206368699,2019-07-02_103358
1562056479498944141,1.17,0.28,58.7,8758,243,esp8266-4405274,80833,16,11.973330128797532,57.684240204076296,2019-07-02_103439
1562056521721261781,0.3,0.2,58.7,9410,235,esp8266-4405274,83747,15.7,11.974427133301381,57.68386517698038,2019-07-02_103521
1562056562996060255,1.4,0.3,58.8,10330,243,esp8266-4405274,80748,16,11.9749663821671,57.68489090544319,2019-07-02_103602
1562056604272697635,1.3,0.2,58.6,8394,235,esp8266-4405274,83714,16.1,11.978676272534969,57.68212454295457,2019-07-02_103644
1562056646490871108,0.3,0.2,58.1,9903,243,esp8266-4405274,80700,16.3,11.982275823711875,57.67914185288644,2019-07-02_103726
1562056687860279270,0.6,0.13,58.1,9827,235,esp8266-4405274,83686,16.3,11.984522301396607,57.68198256687188,2019-07-02_103807
1562056736110891751,1.77,0.28,58.2,9020,243,esp8266-4405274,80826,16.5,11.984372561366797,57.68566255347228,2019-07-02_103856
1562056778608358558,0.05,0.05,57.5,10554,235,esp8266-4405274,83774,16.7,11.987500890124082,57.68306299999999,2019-07-02_103938
1562056819805620209,0.9,0.28,57.5,9592,243,esp8266-4405274,80733,16.8,11.992382435653685,57.683772066761975,2019-07-02_104019
1562056861154539620,2.58,0.2,58.4,10232,235,esp8266-4405274,83712,16.9,11.994994713780164,57.686663091437346,2019-07-02_104101
1562056902339890750,2.45,0.4,57.5,8627,243,esp8266-4405274,80724,17.2,11.996231699453595,57.68744335956288,2019-07-02_104142
1562056944621410526,0.7,0.2,56,9317,235,esp8266-4405274,83694,17.4,11.996396069141504,57.68749904962278,2019-07-02_104224
1562056988426991290,4.35,0.37,54.2,10055,243,esp8266-4405274,80744,17.6,11.999472134957315,57.684401078538414,2019-07-02_104308
1562057032669078721,2.37,0.37,53.4,10287,235,esp8266-4405274,83650,17.7,12.002145164482117,57.68067546841431,2019-07-02_104352
1562057074540235476,2.25,0.4,53,12588,243,esp8266-4405274,80689,17.8,12.004125666584969,57.68048198846913,2019-07-02_104434
1562057520173280394,0.8,0.2,50.9,9042,233,esp8266-4405274,84456,18.7,12.004287346560954,57.680347,2019-07-02_105200
1562057561447600222,1.8,0.2,50.7,9342,232,esp8266-4405274,84509,18.8,12.004186552399872,57.68038782859982,2019-07-02_105241
1562057602668544112,1.1,0.25,50.7,8673,233,esp8266-4405274,84429,18.9,12.00306166291189,57.680900005632154,2019-07-02_105322
1562057645398852846,0.5,0.2,50.4,9914,232,esp8266-4405274,84478,19,12.00177329560709,57.681659530777935,2019-07-02_105405
1562057687140518924,3.1,0.5,48.5,9285,233,esp8266-4405274,84406,19,12.000645,57.68372256207562,2019-07-02_105447
1562057730013799741,0.35,0.35,48.4,9265,231,esp8266-4405274,84487,19.1,12.002910944325448,57.68405415132046,2019-07-02_105530
1562057771708530454,1.58,0.4,48.2,9962,233,esp8266-4405274,84391,19,12.003124599575044,57.68441412086105,2019-07-02_105611
1562057813685120855,1.17,0.4,48.3,9360,232,esp8266-4405274,84471,19,12.005836072699427,57.68405036676598,2019-07-02_105653
1562057855078971099,1,0.5,48.3,9392,233,esp8266-4405274,84422,18.9,12.009884234202623,57.681067580326555,2019-07-02_105735
1562057896277116396,2.42,0.55,48.6,8884,232,esp8266-4405274,84543,18.9,12.01417795139432,57.6797235062797,2019-07-02_105816
1562057937526272995,5.35,1.58,48.6,9163,233,esp8266-4405274,84394,18.9,12.016998000000001,57.68047684480023,2019-07-02_105857
1562057979214146937,1.17,0.28,48.9,8416,232,esp8266-4405274,84527,18.9,12.014881593464969,57.68244872095108,2019-07-02_105939
1562058022430437442,0.3,0.2,49,9799,233,esp8266-4405274,84441,18.9,12.012899143089056,57.68268130437326,2019-07-02_110022
1562058064851324300,3.1,0.4,48.8,10053,232,esp8266-4405274,84470,18.8,12.016631656797529,57.68094057333767,2019-07-02_110104
1562058106714369337,0.6,0.2,48.6,9371,237,esp8266-4405274,82764,18.6,12.015490868008616,57.67888014106011,2019-07-02_110146
1562058150889465882,1.15,0.4,48.7,8507,236,esp8266-4405274,82922,18.5,12.009077473290446,57.68095650594043,2019-07-02_110230
1562058193745906491,3.4,0.4,49.4,12335,237,esp8266-4405274,82802,18.5,12.004394086110354,57.68398512252187,2019-07-02_110313
1562058237090800953,2.33,0.5,49.3,10620,237,esp8266-4405274,82956,18.4,12.00403,57.686777,2019-07-02_110357
1562058279290236458,2.5,0.3,50.2,10055,236,esp8266-4405274,83183,18.4,12.0039843575511,57.68673184172344,2019-07-02_110439
1562058321213272953,2.05,0.47,50.3,9302,236,esp8266-4405274,83188,18.4,12.004842076005456,57.6902265399909,2019-07-02_110521
1562058362560313562,0.8,0.2,50.2,9400,236,esp8266-4405274,83040,18.4,12.001724455371379,57.694225976472374,2019-07-02_110602
1562058406096379431,1,0.3,49.4,10147,236,esp8266-4405274,83131,18.5,11.999608843968392,57.69725585008955,2019-07-02_110646
1562058450822873424,0.32,0.2,48.7,10054,236,esp8266-4405274,83075,18.5,12.005182804725408,57.70032219527458,2019-07-02_110730
1562058493752729658,0.65,0.3,49.2,12211,236,esp8266-4405274,83131,18.5,12.00898995246768,57.70009640912069,2019-07-02_110813
1562058535742415527,4.3,0.43,49.4,10245,236,esp8266-4405274,82949,18.5,12.010071121349334,57.6977922950815,2019-07-02_110855
1562058577188440251,0.3,0.17,49.3,9401,236,esp8266-4405274,83095,18.5,12.017170866975784,57.699110492477416,2019-07-02_110937
1562058619271271328,1.7,0.3,48.9,10930,237,esp8266-4405274,82994,18.6,12.023573723711966,57.70033075776589,2019-07-02_111019
1562058660609500011,0.75,0.4,48.8,10051,236,esp8266-4405274,83094,18.7,12.029162651511191,57.69987047625017,2019-07-02_111100
1562058702905372286,0.8,0.2,48.5,9145,237,esp8266-4405274,82997,18.6,12.034164380972864,57.69686473928499,2019-07-02_111142
1562058744176929250,0.5,0.2,48.6,9414,236,esp8266-4405274,83072,18.7,,,2019-07-02_111224
1562058785474854807,0.4,0.3,48.3,9389,237,esp8266-4405274,82994,18.6,12.035857111219881,57.68904347485494,2019-07-02_111305
1562058828025365051,0.1,0.1,48.8,10536,236,esp8266-4405274,83054,18.6,,,2019-07-02_111348
1562058871329641962,2.9,0.5,49.1,10076,237,esp8266-4405274,82948,18.5,,,2019-07-02_111431
1562058913122566893,0.85,0.2,49,10369,236,esp8266-4405274,83053,18.4,12.036395490267754,57.6901756128347,2019-07-02_111513
1562058956795075314,0.5,0.2,49.2,9391,237,esp8266-4405274,82979,18.3,12.036323073868754,57.69009965607833,2019-07-02_111556
1562058998513352069,0.2,0.2,49.4,11325,236,esp8266-4405274,82996,18.3,,,2019-07-02_111638
1562059042168341584,1.6,0.3,50,8945,237,esp8266-4405274,82967,18.3,12.030162496216416,57.697896601786255,2019-07-02_111722
1562059085443073078,1.6,0.28,49.7,11088,236,esp8266-4405274,83075,18.2,12.026114296345593,57.70172532644939,2019-07-02_111805
1562059127238681551,0.62,0.2,49.4,10201,237,esp8266-4405274,82922,18.1,12.020945296267985,57.701868987687355,2019-07-02_111847
1562059169152295806,0.1,0.1,49.7,9529,236,esp8266-4405274,83077,18,12.015666802908184,57.700530350502966,2019-07-02_111929
1562059210693361884,0.4,0.3,49.8,9447,237,esp8266-4405274,82941,17.8,12.009765889948726,57.699518693362,2019-07-02_112010
1562059253872728378,0.8,0.2,50.7,9381,236,esp8266-4405274,83071,17.5,12.009524890960693,57.70181181814958,2019-07-02_112053
1562059295197248987,3.4,0.4,50.7,10376,237,esp8266-4405274,82941,17.4,12.0062638074255,57.701883169738295,2019-07-02_112135
1562059336544651159,0.4,0.2,50.8,9291,236,esp8266-4405274,83066,17.3,12.003462857681274,57.702684241399524,2019-07-02_112216
1562059377921842029,0.5,0.2,50.8,8493,237,esp8266-4405274,82956,17.2,11.998857756437182,57.69958819327437,2019-07-02_112257
1562059419064137586,0.5,0.2,50.9,8864,236,esp8266-4405274,83030,17.2,11.998683653113366,57.698522070006845,2019-07-02_112339
1562059460400182831,0.3,0.3,51.1,9401,237,esp8266-4405274,82899,17.1,11.99762803014946,57.698086103014944,2019-07-02_112420
1562059501658279065,0.98,0.22,51.2,8808,236,esp8266-4405274,83031,17,11.994855721185324,57.70251648661268,2019-07-02_112501
1562059543961032122,1.9,0.8,50.9,8211,237,esp8266-4405274,82976,17,11.995861662453411,57.70641818219947,2019-07-02_112543
1562059585210326012,1.85,0.68,50.8,10958,236,esp8266-4405274,83026,17,11.996907741851093,57.7094442695694,2019-07-02_112625
1562059627576184017,1,0.8,51.6,8844,237,esp8266-4405274,82939,17.1,11.995796327740429,57.71245484573735,2019-07-02_112707
1562059668775300251,2.28,0.77,50.9,9420,236,esp8266-4405274,83024,17.1,11.99459,57.71476703258467,2019-07-02_112748
1562059710217216954,2,1,51.1,10229,237,esp8266-4405274,82912,17.1,11.992158983961103,57.71826288891649,2019-07-02_112830
1562059753849769698,6.35,1.6,51.4,9419,236,esp8266-4405274,82983,17.2,,,2019-07-02_112913
1562059795792892911,6.75,2.1,51.4,11016,237,esp8266-4405274,82954,17.2,11.973969282094002,57.726457805102825,2019-07-02_112955
1562059837188491645,1.37,0.62,51.5,9871,236,esp8266-4405274,83044,17.3,11.966279489932777,57.72570113686872,2019-07-02_113037
1562059878503657359,2.55,0.45,51.2,8983,237,esp8266-4405274,82939,17.3,11.95818874505782,57.724525562178854,2019-07-02_113118
1562059919811545780,0.6,0.1,50.8,9224,236,esp8266-4405274,83054,17.4,11.955489489030361,57.72193720038415,2019-07-02_113159
1562059961207099254,0.77,0.45,50.1,8466,237,esp8266-4405274,82955,17.3,11.952121467324735,57.722760402444834,2019-07-02_113241
1562060002529777103,0.7,0.2,49.1,9377,237,esp8266-4405274,83014,17.4,11.950040648885249,57.72175474569845,2019-07-02_113322
1562060043883248129,1.48,1.17,49.1,9118,237,esp8266-4405274,82896,17.6,11.946032172507524,57.72058786803054,2019-07-02_113403
1562060068960479681,3.15,0.95,60.5,9460,240,esp8266-4405274,81859,17.5,11.94555531262207,57.72075652575683,2019-07-02_113428
1562060088402283528,2.8,1,49.3,8506,236,esp8266-4405274,82980,17.8,11.944691161181687,57.72057177031541,2019-07-02_113448
1562060130424194554,1.12,0.6,49,12284,237,esp8266-4405274,82853,18.5,11.945045545167446,57.71930842103648,2019-07-02_113530
1562060172797243600,0.75,0.55,48.3,9369,236,esp8266-4405274,82971,18.8,11.944806377948764,57.716305373974805,2019-07-02_113612
1562060216569798480,1.3,0.6,47.4,11074,237,esp8266-4405274,82857,19.1,11.943543979846954,57.71338328186226,2019-07-02_113656
1562060259749938567,0.93,0.3,47.4,10079,236,esp8266-4405274,83046,19.1,11.939526991421701,57.71059849865198,2019-07-02_113739
1562060302022265895,2.83,0.5,46.4,11493,237,esp8266-4405274,82886,19.5,11.931775961366176,57.710282489850044,2019-07-02_113822
1562060343882915098,0.6,0.35,46.3,10010,237,esp8266-4405274,82962,19.5,11.929028829150202,57.7082577311759,2019-07-02_113903
1562060387644863258,0.6,0.2,45.1,9819,237,esp8266-4405274,82846,19.6,11.928448448631286,57.706452467472076,2019-07-02_113947
1562060430258532408,1.3,0.1,44.2,11583,237,esp8266-4405274,82971,19.7,11.927982346418858,57.705490877984275,2019-07-02_114030
1562060472937423798,1.73,0.2,43.8,9118,237,esp8266-4405274,82895,19.7,11.92843937667322,57.705709063792945,2019-07-02_114112
1562060515703396230,0.1,0.1,43.4,10215,237,esp8266-4405274,82915,19.7,11.928427,57.70574844075585,2019-07-02_114155
1562060557339725016,0.2,0.1,43.4,10328,237,esp8266-4405274,82833,19.7,11.928487,57.705975980824945,2019-07-02_114237
1562060600070939583,0.2,0.2,44,9861,237,esp8266-4405274,82960,19.7,11.928416645302296,57.705849624763005,2019-07-02_114320
1562060641350596130,0.1,0.1,44,9386,237,esp8266-4405274,82890,19.7,11.92835835059619,57.70585080476952,2019-07-02_114401
1562060682515614083,0.77,0.3,44.1,9193,237,esp8266-4405274,82983,19.7,11.928345,57.705793,2019-07-02_114442
1562060723763829953,1.75,0.2,44,8326,237,esp8266-4405274,82895,19.7,11.928785221279146,57.70633444680214,2019-07-02_114523
1562060764959568114,0.13,0.13,43.8,8503,237,esp8266-4405274,83023,19.7,11.929133808639524,57.70796557684707,2019-07-02_114604
1562060807234084400,1.8,0.3,42.9,9519,237,esp8266-4405274,82910,19.7,11.931060805081843,57.709915829578165,2019-07-02_114647
1562060848588271363,3.65,0.6,42.9,9436,237,esp8266-4405274,82979,19.7,11.9366862284379,57.71062229382896,2019-07-02_114728
1562060891664597701,2.6,0.3,43.2,8525,237,esp8266-4405274,82846,19.7,11.94154033516455,57.711083794939526,2019-07-02_114811
1562060934575478674,4.53,0.4,43.2,10282,237,esp8266-4405274,82982,19.6,11.944577112654212,57.71391073563623,2019-07-02_114854
1562060975726932409,0.2,0.2,43.8,10129,237,esp8266-4405274,82871,19.4,11.945002096012114,57.71680256858826,2019-07-02_114935
1562061017206746560,1.7,0.62,44,9367,236,esp8266-4405274,82880,19.2,11.945105,57.71936062893819,2019-07-02_115017
1562061058552367950,0.98,0.9,44.5,8642,237,esp8266-4405274,82852,19.1,11.945193342896221,57.72003523816038,2019-07-02_115058
1562061099765535122,0.45,0.45,44.6,8634,237,esp8266-4405274,82952,18.9,11.945316999999998,57.72024123446488,2019-07-02_115139
1562061141048914585,0.3,0.3,44.7,9631,237,esp8266-4405274,82921,18.8,11.945347929378748,57.72053989666915,2019-07-02_115221
1562061182310727434,0.6,0.4,45.3,8192,237,esp8266-4405274,82963,18.7,11.945346689272641,57.7214755425434,2019-07-02_115302
1562061225036231532,0.8,0.4,46.5,8347,237,esp8266-4405274,82891,18.8,11.945517746379377,57.723397,2019-07-02_115345
1562061267190238183,0.1,0.1,46.1,10408,237,esp8266-4405274,82945,18.8,11.945430244044065,57.72453731783796,2019-07-02_115427
1562061311980878791,0.3,0.2,45,9122,237,esp8266-4405274,82882,18.9,11.945448757123945,57.72831981651117,2019-07-02_115511
1562061353760305233,2.65,0.3,44.9,12905,237,esp8266-4405274,82960,19,11.944090022887467,57.73056889467121,2019-07-02_115553
1562061397176064019,1.58,0.22,44.6,9306,237,esp8266-4405274,82873,19,11.942144119679927,57.73438355583906,2019-07-02_115637
1562061440438438794,0.43,0.3,45.3,11078,237,esp8266-4405274,82989,18.9,11.941318414433479,57.73978100294399,2019-07-02_115720
1562061482346157840,1.67,0.4,44.6,11244,237,esp8266-4405274,82890,18.8,11.93947500020504,57.744396076229094,2019-07-02_115802
1562061528093436261,1.37,0.2,44.4,10035,237,esp8266-4405274,82977,18.8,11.937072154429435,57.74851809343624,2019-07-02_115848
1562061569862660307,0.7,0.13,43.7,6426,237,esp8266-4405274,82931,18.7,11.928900420532228,57.749389549358355,2019-07-02_115929
1562061612596322270,0.85,0.17,44.6,8447,237,esp8266-4405274,82984,18.5,11.926305229421615,57.74815180735541,2019-07-02_120012
1562061654283080848,0.1,0.1,44.8,10307,237,esp8266-4405274,82895,18.4,11.92634443383789,57.74813415075684,2019-07-02_120054
1562061695957614634,0.2,0.2,45.2,9190,237,esp8266-4405274,82913,18.2,11.926286084770679,57.748208,2019-07-02_120135
1562061738830182430,0.2,0.2,45.6,9114,237,esp8266-4405274,82931,18.1,11.926380000000002,57.748177000000005,2019-07-02_120218
1563020064013589005,2.65,1,60.5,8913,239,esp8266-4405274,82194,17.5,11.926533,57.748352,2019-07-13_141424
